Análise de condução de calor
coordenadas dos nos
187
  1  -5.014402e-01  2.909899e-01
  2  -4.651943e-01  1.445837e-01
  3  -1.058409e+00  3.034629e-01
  4  -1.318587e+00  3.005631e-01
  5  -8.074896e-01  3.205293e-01
  6  -6.269674e-01  3.606005e-01
  7  -6.447021e-01  1.919673e-01
  8  -7.119256e-01  4.689081e-01
  9  -5.838111e-01  4.854649e-01
 10  -5.159971e-01  4.047080e-01
 11   9.609657e-01  1.896679e-01
 12   1.124994e+00  3.508498e-01
 13   6.276306e-01  3.826541e-01
 14   5.095327e-01  1.782888e-01
 15   1.927361e-01  2.867718e-01
 16   3.926351e-01  3.483863e-01
 17   3.046642e-01  1.538455e-01
 18   8.675285e-01  3.848022e-01
 19   7.469451e-01  1.889459e-01
 20  -2.230470e-01  2.347718e-01
 21  -2.970805e-01  1.258749e-01
 22  -3.603435e-01  2.578967e-01
 23  -1.129648e+00  1.517315e-01
 24  -9.800905e-01  1.517315e-01
 25  -1.409294e+00  4.502815e-01
 26  -1.409294e+00  3.002815e-01
 27  -1.258741e+00  4.502815e-01
 28  -1.128652e+00  4.517315e-01
 29  -1.188498e+00  3.020130e-01
 30  -1.409294e+00  1.502815e-01
 31  -1.259737e+00  1.502815e-01
 32  -6.358348e-01  2.762839e-01
 33  -5.642038e-01  3.257952e-01
 34  -5.730711e-01  2.414786e-01
 35  -8.546308e-01  1.602647e-01
 36  -9.329494e-01  3.119961e-01
 37  -7.732370e-01  9.598370e-02
 38  -6.302691e-01  9.598370e-02
 39  -7.260958e-01  2.562483e-01
 40  -5.549482e-01  1.682755e-01
 41  -5.405152e-01  7.229180e-02
 42  -7.172285e-01  3.405649e-01
 43  -4.833172e-01  2.177868e-01
 44  -9.854768e-01  4.517315e-01
 45  -8.122351e-01  5.344541e-01
 46  -6.941567e-01  5.344541e-01
 47  -8.600170e-01  4.602647e-01
 48  -7.597076e-01  3.947187e-01
 49  -6.300995e-01  5.427324e-01
 50  -6.478684e-01  4.771865e-01
 51  -5.419056e-01  5.427324e-01
 52  -5.279145e-01  4.852700e-01
 53  -4.940074e-01  4.448916e-01
 54  -5.499041e-01  4.450864e-01
 55  -4.551669e-01  4.002925e-01
 56  -4.478885e-01  3.434334e-01
 57  -5.087186e-01  3.478490e-01
 58  -6.694465e-01  4.147543e-01
 59  -6.053893e-01  4.230327e-01
 60  -5.714822e-01  3.826543e-01
 61   1.080926e+00  9.483400e-02
 62   9.313693e-01  9.483400e-02
 63   1.375000e+00  4.500000e-01
 64   1.312497e+00  3.254249e-01
 65   1.187497e+00  4.754249e-01
 66   1.350443e+00  1.500000e-01
 67   1.162940e+00  1.754249e-01
 68   1.042980e+00  2.702589e-01
 69   1.272697e-01  2.384912e-01
 70   1.772691e-01  2.021640e-01
 71   9.749600e-02  3.553964e-01
 72   2.102496e-01  3.952608e-01
 73   3.202960e-02  3.071158e-01
 74   5.638153e-01  4.913270e-01
 75   6.888153e-01  4.913270e-01
 76   5.101328e-01  3.655202e-01
 77   5.685817e-01  2.804714e-01
 78   4.510839e-01  2.633376e-01
 79   4.463175e-01  4.741932e-01
 80   3.101991e-01  4.260680e-01
 81   2.926856e-01  3.175791e-01
 82   3.410780e-01  7.692270e-02
 83   4.070985e-01  1.660671e-01
 84   4.435122e-01  8.914440e-02
 85   2.523321e-01  7.692270e-02
 86   2.332331e-01  1.357008e-01
 87   3.486497e-01  2.511159e-01
 88   2.487002e-01  2.203086e-01
 89   8.087642e-01  4.924011e-01
 90   7.475795e-01  3.837281e-01
 91   9.337642e-01  4.924011e-01
 92   1.062497e+00  4.754249e-01
 93   9.962611e-01  3.678260e-01
 94   8.243590e-01  9.447290e-02
 95   8.539554e-01  1.893069e-01
 96   6.813909e-01  9.447290e-02
 97   5.626847e-01  8.914440e-02
 98   6.282389e-01  1.836173e-01
 99   6.872879e-01  2.858000e-01
100   9.142471e-01  2.872351e-01
101   8.072368e-01  2.868740e-01
102  -2.536966e-01  2.935716e-01
103  -1.948568e-01  2.995348e-01
104  -4.213430e-01  7.229180e-02
105  -3.811374e-01  1.352293e-01
106  -3.372861e-01  6.293740e-02
107  -3.223449e-01  3.051340e-01
108  -2.916952e-01  2.463343e-01
109  -3.773402e-01  3.268868e-01
110  -4.308918e-01  2.744433e-01
111  -3.287120e-01  1.918858e-01
112  -2.600637e-01  1.803234e-01
113  -4.127689e-01  2.012402e-01
114  -2.485402e-01  6.293740e-02
115  -2.294413e-01  1.217155e-01
116  -1.924245e-01  1.761640e-01
117  -2.977360e-02  3.071158e-01
118  -1.142349e-01  2.772542e-01
119  -1.424251e-01  2.124912e-01
120  -1.500000e+00  3.000000e-01
121  -1.500000e+00  4.500000e-01
122  -1.500000e+00  1.500000e-01
123  -1.198895e+00  6.000000e-01
124  -9.125445e-01  6.000000e-01
125  -6.763878e-01  6.000000e-01
126  -1.349447e+00  6.000000e-01
127  -1.055720e+00  6.000000e-01
128  -7.944661e-01  6.000000e-01
129  -5.881939e-01  6.000000e-01
130  -3.774918e-01             0
131  -6.158361e-01             0
132  -9.017719e-01             0
133  -1.200886e+00             0
134  -1.051329e+00             0
135  -1.350443e+00             0
136  -7.588040e-01             0
137  -4.966639e-01             0
138  -2.887459e-01             0
139  -4.720178e-01  4.850752e-01
140  -3.943368e-01  3.958769e-01
141  -2.843462e-01  3.523713e-01
142  -4.929037e-01  5.408588e-01
143  -4.385284e-01  4.358158e-01
144  -2.247910e-01  3.512745e-01
145  -3.419515e-01  3.675256e-01
146   1.618021e-01  1.175561e-01
147   6.180320e-02  1.902106e-01
148  -6.180320e-02  1.902106e-01
149  -1.618021e-01  1.175561e-01
150   1.175569e-01  1.618032e-01
151   1.902101e-01  6.180300e-02
152  -1.902101e-01  6.180300e-02
153              0  1.999982e-01
154  -1.175569e-01  1.618032e-01
155   2.255900e-03  4.240209e-01
156   2.277632e-01  5.037498e-01
157   1.150096e-01  4.638853e-01
158   3.638816e-01  5.518749e-01
159  -8.220540e-02  3.941593e-01
160   1.200886e+00             0
161   9.017729e-01             0
162   6.158367e-01             0
163   3.774917e-01             0
164   1.051330e+00             0
165   1.350443e+00             0
166   2.887459e-01             0
167   7.588048e-01             0
168   4.966642e-01             0
169   7.500000e-01  6.000000e-01
170              1  6.000000e-01
171   1.250000e+00  6.000000e-01
172   1.375000e+00  6.000000e-01
173   6.250000e-01  6.000000e-01
174   8.750000e-01  6.000000e-01
175   1.125000e+00  6.000000e-01
176   1.500000e+00  3.000000e-01
177   1.500000e+00  4.500000e-01
178   1.500000e+00  1.500000e-01
179  -1.500000e+00             0
180  -1.500000e+00  6.000000e-01
181  -5.000000e-01  6.000000e-01
182  -2.000000e-01             0
183  -1.666667e-01  3.642978e-01
184   2.000000e-01             0
185   5.000000e-01  6.000000e-01
186   1.500000e+00             0
187   1.500000e+00  6.000000e-01
matrix de incidencias/conectividades
76
 1   1  6  133  132    3
 2   1  6  180  120    4
 3   1  6    4    3  123
 4   1  6    4  123  180
 5   1  6    4  120  179
 6   1  6  133    3    4
 7   1  6  133    4  179
 8   1  6    7    1    6
 9   1  6    5    3  132
10   1  6  132  131    7
11   1  6  132    7    5
12   1  6    7  131    2
13   1  6    6    5    7
14   1  6    1    7    2
15   1  6  124  123    3
16   1  6    8  125  124
17   1  6  124    3    5
18   1  6  124    5    8
19   1  6  125    8    9
20   1  6    9  139  181
21   1  6    9  181  125
22   1  6  139    9   10
23   1  6   10    1  140
24   1  6   10  140  139
25   1  6    8    5    6
26   1  6    9    8    6
27   1  6    6    1   10
28   1  6    6   10    9
29   1  6   11  161  160
30   1  6  171   12  176
31   1  6  171  176  187
32   1  6  160  186  176
33   1  6   12   11  160
34   1  6   12  160  176
35   1  6  147  146   15
36   1  6   15  156  155
37   1  6   15  155  147
38   1  6   13  169  185
39   1  6   16   14   13
40   1  6  185  156   16
41   1  6  185   16   13
42   1  6   16  156   15
43   1  6  163   14   17
44   1  6   17  146  184
45   1  6   17  184  163
46   1  6   17   14   16
47   1  6   15  146   17
48   1  6   15   17   16
49   1  6  169   13   18
50   1  6  170  169   18
51   1  6   12  171  170
52   1  6   12  170   18
53   1  6  161   11   19
54   1  6  161   19  162
55   1  6   14  163  162
56   1  6   14  162   19
57   1  6   13   14   19
58   1  6   11   12   18
59   1  6   18   13   19
60   1  6   18   19   11
61   1  6   20  183  141
62   1  6  130   21    2
63   1  6  130    2  131
64   1  6   22   20  141
65   1  6  140    1   22
66   1  6  140   22  141
67   1  6   21   20   22
68   1  6   22    1    2
69   1  6   22    2   21
70   1  6   21  130  182
71   1  6   21  182  149
72   1  6   21  149  20
73   1  6  155  183  148
74   1  6  155  148  147
75   1  6   20  149  148
76   1  6   20  148  183
propriedades material
1 
  1  Condutividade térmica
Fontes/carregamentos distribuídos
0 
Condição fronteira essencial 
31
123   100
124   100
125   100
126   100
127   100
128   100
129   100
139   100
140   100
141   100
142   100
143   100
144   100
145   100
155   100
155   100
157   100
158   100
159   100
169   100
170   100
171   100
172   100
173   100
174   100
175   100
180   100
181   100
183   100
185   100
187   100
Fontes/cargas pontuais impostas  
0
Fluxo imposto na fronteira
0
CF convecção natural
15
  2  180  121  120   5     25
  5  120  122  179   5     25
 35  147  150  146   1000  25
 44  146  151  184   1000  25
 71  182  152  149   1000  25
 74  148  153  147   1000  25
 75  149  154  148   1000  25

