Análise de condução de calor
coordenadas dos nos
192
  1  -3.465381e-01  2.941270e-01
  2  -3.212791e-01  2.025400e-01
  3  -2.837840e-01  9.993700e-02
  4  -4.955925e-01  3.988966e-01
  5  -5.370420e-01  3.076072e-01
  6  -5.853874e-01  2.071559e-01
  7  -6.360660e-01  1.034359e-01
  8  -1.089610e+00  5.003390e-01
  9  -1.032845e+00  4.010144e-01
 10  -9.764831e-01  3.013390e-01
 11  -9.202018e-01  2.012545e-01
 12  -8.634184e-01  1.008614e-01
 13  -1.335207e+00  1.070578e-01
 14  -1.270949e+00  2.054796e-01
 15  -1.210279e+00  3.019043e-01
 16  -1.150582e+00  4.003553e-01
 17  -1.152696e+00  2.026242e-01
 18  -1.094729e+00  1.013975e-01
 19  -1.212338e+00  1.027573e-01
 20  -9.786597e-01  1.008962e-01
 21  -1.035916e+00  2.015630e-01
 22  -1.093183e+00  3.014280e-01
 23  -1.208767e+00  4.988269e-01
 24  -1.269849e+00  3.974482e-01
 25  -1.333329e+00  4.942227e-01
 26  -1.391264e+00  2.135346e-01
 27  -1.325871e+00  3.012857e-01
 28  -1.421087e+00  3.006486e-01
 29  -1.390877e+00  3.880262e-01
 30  -7.399578e-01  5.006406e-01
 31  -8.019400e-01  4.007946e-01
 32  -8.616448e-01  3.011860e-01
 33  -9.722654e-01  5.004307e-01
 34  -9.167926e-01  4.008377e-01
 35  -8.556918e-01  5.004175e-01
 36  -5.854857e-01  3.977074e-01
 37  -6.896177e-01  4.006328e-01
 38  -6.211929e-01  5.022643e-01
 39  -5.320935e-01  4.744810e-01
 40  -5.429505e-01  5.424764e-01
 41  -7.488667e-01  3.016140e-01
 42  -8.062376e-01  2.015618e-01
 43  -7.491860e-01  1.015367e-01
 44  -6.942498e-01  2.031547e-01
 45  -6.399441e-01  3.031537e-01
 46  -5.234541e-01  1.085805e-01
 47  -4.809533e-01  2.172030e-01
 48  -4.028072e-01  1.229485e-01
 49  -3.965370e-01  2.332750e-01
 50  -4.344254e-01  3.213752e-01
 51  -4.402820e-02  2.523934e-01
 52  -1.028989e-01  3.105102e-01
 53   1.822856e-01  1.782299e-01
 54   2.080187e-01  2.652409e-01
 55   2.516222e-01  3.877595e-01
 56   8.607926e-01  9.435890e-02
 57   9.118932e-01  1.906903e-01
 58   9.613513e-01  2.910209e-01
 59   1.013550e+00  3.945483e-01
 60   1.068836e+00  4.977681e-01
 61   1.333561e+00  1.066676e-01
 62   1.266586e+00  2.044274e-01
 63   1.201946e+00  2.998911e-01
 64   1.136648e+00  3.973655e-01
 65   1.194120e+00  4.976201e-01
 66   1.324678e+00  4.938530e-01
 67   1.260773e+00  3.961208e-01
 68   1.389089e+00  2.130237e-01
 69   1.320890e+00  3.003636e-01
 70   1.418844e+00  3.002739e-01
 71   1.386763e+00  3.876694e-01
 72   1.091179e+00  9.960570e-02
 73   1.146281e+00  2.000972e-01
 74   1.209634e+00  1.017654e-01
 75   1.027676e+00  1.959483e-01
 76   1.081280e+00  2.963191e-01
 77   9.748428e-01  9.673000e-02
 78   5.607851e-01  4.878188e-01
 79   4.961943e-01  3.816897e-01
 80   4.319623e-01  2.830203e-01
 81   3.697601e-01  1.866761e-01
 82   3.049317e-01  9.010780e-02
 83   4.431921e-01  4.774465e-01
 84   3.820384e-01  3.787779e-01
 85   3.187183e-01  2.804186e-01
 86   2.672802e-01  1.854851e-01
 87   2.225142e-01  1.137414e-01
 88   3.444449e-01  4.642402e-01
 89   2.356285e-01  5.240670e-02
 90   9.440268e-01  4.948654e-01
 91   8.163798e-01  4.896610e-01
 92   6.863040e-01  4.876218e-01
 93   5.454568e-01  2.822630e-01
 94   5.912837e-01  1.856365e-01
 95   6.382247e-01  9.240170e-02
 96   4.800399e-01  1.872323e-01
 97   5.263330e-01  9.303280e-02
 98   4.157119e-01  9.271980e-02
 99   6.986637e-01  1.809018e-01
100   8.026187e-01  1.821801e-01
101   7.491900e-01  9.172210e-02
102   8.451891e-01  2.778176e-01
103   8.893876e-01  3.854451e-01
104   6.156969e-01  3.798689e-01
105   7.517428e-01  3.645978e-01
106   6.583074e-01  2.738604e-01
107   7.511965e-01  2.542209e-01
108   1.081473e-01  3.384525e-01
109   1.190315e-01  2.298972e-01
110   3.772100e-02  2.553421e-01
111  -1.266440e-02  3.295007e-01
112  -2.400145e-01  1.856060e-01
113  -1.751684e-01  1.752591e-01
114  -2.084023e-01  1.292069e-01
115  -2.599156e-01  2.735063e-01
116  -1.253960e-01  2.305724e-01
117  -1.806870e-01  2.938568e-01
118  -1.959036e-01  2.310578e-01
119  -1.500000e+00  1.200000e-01
120  -1.500000e+00  2.400000e-01
121  -1.500000e+00  3.600000e-01
122  -1.500000e+00  4.800000e-01
123  -1.382116e+00  6.000000e-01
124  -1.264231e+00  6.000000e-01
125  -1.146347e+00  6.000000e-01
126  -1.028462e+00  6.000000e-01
127  -9.105777e-01  6.000000e-01
128  -7.926932e-01  6.000000e-01
129  -6.784784e-01  6.000000e-01
130  -5.787944e-01  6.000000e-01
131  -2.677872e-01             0
132  -3.542822e-01             0
133  -4.591206e-01             0
134  -5.739025e-01             0
135  -6.896647e-01             0
136  -8.054269e-01             0
137  -9.211891e-01             0
138  -1.036951e+00             0
139  -1.152714e+00             0
140  -1.268476e+00             0
141  -1.384238e+00             0
142  -4.907443e-01  5.326075e-01
143  -4.636646e-01  4.702048e-01
144  -4.207665e-01  4.174112e-01
145  -3.652242e-01  3.781369e-01	
146  -3.011506e-01  3.552900e-01
147  -2.332902e-01  3.505600e-01
148   1.902101e-01  6.180300e-02
149   1.618021e-01  1.175561e-01
150   1.175569e-01  1.618032e-01
151   6.180320e-02  1.902106e-01
152              0  1.999982e-01
153  -6.180320e-02  1.902106e-01
154  -1.175569e-01  1.618032e-01
155  -1.618021e-01  1.175561e-01
156  -1.902101e-01  6.180300e-02
157  -8.541590e-02  3.930243e-01
158   1.939850e-02  4.300817e-01
159   1.383876e-01  4.721507e-01
160   2.589250e-01  5.147671e-01
161   3.794625e-01  5.573836e-01
162   1.384238e+00             0
163   1.268476e+00             0
164   1.152714e+00             0
165   1.036951e+00             0
166   9.211892e-01             0
167   8.054271e-01             0
168   6.896649e-01             0
169   5.739028e-01             0
170   4.591209e-01             0
171   3.542825e-01             0
172   2.677875e-01             0
173   6.250000e-01  6.000000e-01
174   7.500000e-01  6.000000e-01
175   8.750000e-01  6.000000e-01
176              1  6.000000e-01
177   1.125000e+00  6.000000e-01
178   1.250000e+00  6.000000e-01
179   1.375000e+00  6.000000e-01
180   1.500000e+00  4.800000e-01
181   1.500000e+00  3.600000e-01
182   1.500000e+00  2.400000e-01
183   1.500000e+00  1.200000e-01
184  -1.500000e+00             0
185  -1.500000e+00  6.000000e-01
186  -5.000000e-01  6.000000e-01
187  -2.000000e-01             0
188  -1.666667e-01  3.642978e-01
189   2.000000e-01             0
190   5.000000e-01  6.000000e-01
191   1.500000e+00             0
192   1.500000e+00  6.000000e-01
matrix de incidencias/conectividades
308
  1   1  3   13  141  140
  2   1  3   19   14   13
  3   1  3  140  139   19
  4   1  3  140   19   13
  5   1  3  139  138   18
  6   1  3  139   18   19
  7   1  3   19   18   17
  8   1  3   17   15   14
  9   1  3   17   14   19
 10   1  3   12   20  137
 11   1  3   12  137  136
 12   1  3   20   18  138
 13   1  3   20  138  137
 14   1  3   11   21   20
 15   1  3   11   20   12
 16   1  3   21   17   18
 17   1  3   21   18   20
 18   1  3   17   21   22
 19   1  3   22   16   15
 20   1  3   22   15   17
 21   1  3   21   11   10
 22   1  3   21   10   22
 23   1  3    9    8   16
 24   1  3   22   10    9
 25   1  3   22    9   16
 26   1  3  125  124   23
 27   1  3   23   16    8
 28   1  3   23    8  125
 29   1  3   24   15   16
 30   1  3  124  123   25
 31   1  3  124   25   23
 32   1  3   24   16   23
 33   1  3   24   23   25
 34   1  3   13   14   26
 35   1  3  141   13  119
 36   1  3  141  119  184
 37   1  3   26  120  119
 38   1  3   26  119   13
 39   1  3   15   24   27
 40   1  3   27   26   14
 41   1  3   27   14   15
 42   1  3   26   27   28
 43   1  3   28  121  120
 44   1  3   28  120   26
 45   1  3   24   25   29
 46   1  3   29   28   27
 47   1  3   29   27   24
 48   1  3  121   28   29
 49   1  3  121   29  122
 50   1  3  123  185  122
 51   1  3  122   29   25
 52   1  3  122   25  123
 53   1  3  126  125    8
 54   1  3  126    8   33
 55   1  3   32   34   10
 56   1  3   32   10   11
 57   1  3   33    8    9
 58   1  3    9   10   34
 59   1  3    9   34   33
 60   1  3   30  129  128
 61   1  3   35   31   30
 62   1  3  128  127   35
 63   1  3  128   35   30
 64   1  3  127  126   33
 65   1  3  127   33   35
 66   1  3   35   33   34
 67   1  3   34   32   31
 68   1  3   34   31   35
 69   1  3   38  130  129
 70   1  3   38  129   30
 71   1  3   30   31   37
 72   1  3   30   37   38
 73   1  3  143  142   39
 74   1  3   39   36    4
 75   1  3   39    4  143
 76   1  3   38   37   36
 77   1  3   40   39  142
 78   1  3  186  130   40
 79   1  3  186   40  142
 80   1  3   38   36   39
 81   1  3   40  130   38
 82   1  3   40   38   39
 83   1  3   31   32   41
 84   1  3   31   41   37
 85   1  3   11   12   42
 86   1  3   42   41   32
 87   1  3   42   32   11
 88   1  3   43   12  136
 89   1  3  135    7   43
 90   1  3  135   43  136
 91   1  3   36   45    5
 92   1  3   36    5    4
 93   1  3    7    6   44
 94   1  3    7   44   43
 95   1  3    6    5   45
 96   1  3    6   45   44
 97   1  3   43   44   42
 98   1  3   43   42   12
 99   1  3   37   41   45
100   1  3   37   45   36
101   1  3   41   42   44
102   1  3   41   44   45
103   1  3    7  135  134
104   1  3   46    6    7
105   1  3  134  133   46
106   1  3  134   46    7
107   1  3  133  132   48
108   1  3  133   48   46
109   1  3   47    5    6
110   1  3   46   48   47
111   1  3   46   47    6
112   1  3  132  131    3
113   1  3  132    3   48
114   1  3   48    3    2
115   1  3   49   47   48
116   1  3   49   48    2
117   1  3   50    4    5
118   1  3   47   49   50
119   1  3   47   50    5
120   1  3   49    2    1
121   1  3   49    1   50
122   1  3  144  143    4
123   1  3   50    1  145
124   1  3  144    4   50
125   1  3  144   50  145
126   1  3   60   64   65
127   1  3   65  178  177
128   1  3   65  177   60
129   1  3  178   65   66
130   1  3  178   66  179
131   1  3   64   63   67
132   1  3   67   66   65
133   1  3   67   65   64
134   1  3   68   62   61
135   1  3  162  191  183
136   1  3  162  183   61
137   1  3  183  182   68
138   1  3  183   68   61
139   1  3   69   67   63
140   1  3   62   68   69
141   1  3   62   69   63
142   1  3   70   69   68
143   1  3  182  181   70
144   1  3  182   70   68
145   1  3   69   70   71
146   1  3   71   66   67
147   1  3   71   67   69
148   1  3  181  180   71
149   1  3  181   71   70
150   1  3  180  192  179
151   1  3   66   71  180
152   1  3   66  180  179
153   1  3  163  162   61
154   1  3   61   62   74
155   1  3   74  164  163
156   1  3   74  163   61
157   1  3   62   63   73
158   1  3   62   73   74
159   1  3   74   73   72
160   1  3   72  165  164
161   1  3   72  164   74
162   1  3   76   75   73
163   1  3   63   64   76
164   1  3   63   76   73
165   1  3   64   60   59
166   1  3   64   59   76
167   1  3   58   57   75
168   1  3   76   59   58
169   1  3   76   58   75
170   1  3  166   77   56
171   1  3  166   56  167
172   1  3   77   75   57
173   1  3   77   57   56
174   1  3  165   72   77
175   1  3  165   77  166
176   1  3   72   73   75
177   1  3   72   75   77
178   1  3   78  173  190
179   1  3   83   79   78
180   1  3  190  161   83
181   1  3  190   83   78
182   1  3   88   84   83
183   1  3  161  160   88
184   1  3  161   88   83
185   1  3   88  160   55
186   1  3   55   85   84
187   1  3   55   84   88
188   1  3  149  148   87
189   1  3   87   86   53
190   1  3   87   53  149
191   1  3   54   53   86
192   1  3   85   55   54
193   1  3   85   54   86
194   1  3   84   85   80
195   1  3   79   83   84
196   1  3   79   84   80
197   1  3   81   80   85
198   1  3   81   85   86
199   1  3   81   86   82
200   1  3   89   87  148
201   1  3  189  172   89
202   1  3  189   89  148
203   1  3   89  172   82
204   1  3   82   86   87
205   1  3   82   87   89
206   1  3  173   78   92
207   1  3   91  175  174
208   1  3  174  173   92
209   1  3  174   92   91
210   1  3   60  177  176
211   1  3   60  176   90
212   1  3  175   91   90
213   1  3  175   90  176
214   1  3   82  172  171
215   1  3  171  170   98
216   1  3   98   81   82
217   1  3   98   82  171
218   1  3   81   98   96
219   1  3   81   96   80
220   1  3   97   96   98
221   1  3  170  169   97
222   1  3  170   97   98
223   1  3  169  168   95
224   1  3   95   94   97
225   1  3   95   97  169
226   1  3   80   96   93
227   1  3   80   93   79
228   1  3   96   97   94
229   1  3   96   94   93
230   1  3  167   56  101
231   1  3  101   95  168
232   1  3  101  168  167
233   1  3   56   57  100
234   1  3   56  100  101
235   1  3   99   94   95
236   1  3  101  100   99
237   1  3  101   99   95
238   1  3  103   58   59
239   1  3   59   60   90
240   1  3   59   90  103
241   1  3  102  100   57
242   1  3   58  103  102
243   1  3   58  102   57
244   1  3  104   92   78
245   1  3   79   93  104
246   1  3   79  104   78
247   1  3   92  104  105
248   1  3   92  105   91
249   1  3  103   90   91
250   1  3  103   91  105
251   1  3   94   99  106
252   1  3  106  104   93
253   1  3  106   93   94
254   1  3  107  106   99
255   1  3  100  102  107
256   1  3  100  107   99
257   1  3  102  103  105
258   1  3  107  102  105
259   1  3  105  104  106
260   1  3  105  106  107
261   1  3  159  158  108
262   1  3   55  160  159
263   1  3  108   54   55
264   1  3  108   55  159
265   1  3  109   53   54
266   1  3  158  157  111
267   1  3  109   54  108
268   1  3  108  158  111
269   1  3  111  110  108
270   1  3  108  110  109
271   1  3  157  188   52
272   1  3  111  157   52
273   1  3   51  110  111
274   1  3   51  111   52
275   1  3   53  109  150
276   1  3   53  150  149
277   1  3  151  150  109
278   1  3  151  109  110
279   1  3  110   51  152
280   1  3  110  152  151
281   1  3  155  154  113
282   1  3  114  156  155
283   1  3  113  112  114
284   1  3  113  114  155
285   1  3  131  187  156
286   1  3  131  156    3
287   1  3  112    2    3
288   1  3    3  156  114
289   1  3    3  114  112
290   1  3    2  112  115
291   1  3    2  115    1
292   1  3  146  145    1
293   1  3  146    1  115
294   1  3  153  152   51
295   1  3  188  147  117
296   1  3   51   52  116
297   1  3   51  116  153
298   1  3   52  188  117
299   1  3   52  117  116
300   1  3  154  153  116
301   1  3  154  116  113
302   1  3  147  146  115
303   1  3  147  115  117
304   1  3  115  112  118
305   1  3  115  118  117
306   1  3  118  112  113
307   1  3  116  117  118
308   1  3  116  118  113
propriedades material
1 
  1  Condutividade térmica
Fontes/carregamentos distribuídos
0 
Condição fronteira essencial 
31
123   100
124   100
125   100
126   100
127   100
128   100
129   100
130   100
142   100
143   100
144   100
145   100
146   100
147   100
157   100
158   100
159   100
160   100
161   100
173   100
174   100
175   100
176   100
177   100
178   100
179   100
185   100
186   100
188   100
190   100
192   100
Fontes/cargas pontuais impostas  
0
Fluxo imposto na fronteira
0
CF convecção natural
15
 36  119  184   5     25
 37  120  119   5     25
 43  121  120   5     25
 49  122  121   5     25
 50  185  122   5     25
188  149  148   1000  25
202  148  189   1000  25
276  150  149   1000  25
277  151  150   1000  25
280  152  151   1000  25
281  155  154   1000  25
282  156  155   1000  25
285  187  156   1000  25
294  153  152   1000  25
300  154  153   1000  25

